7.673116073698744003e+04
1.119542431655781838e+05
1.922906736195909616e+04
1.479375823278669122e+04
4.469222727848343493e+04
1.765513769444982245e+04
3.313891714517507935e+05
1.020282245530026703e+05
1.948754864266457298e+04
1.046570417847424833e+05
1.731810603211122361e+04
2.505178070807010517e+05
1.439712630109770544e+04
5.409842930958980287e+04
1.529306519389713649e+05
1.572977378868632368e+05
1.426912611170926539e+04
1.420369726143324078e+04
2.241767924014557502e+04
1.618317651613266789e+05
1.729215439982438693e+04
1.693002812458067638e+04
1.252080722004621493e+05
7.404262355274635775e+04
5.102981563075720624e+04
2.256579943486370030e+04
2.990807491730985930e+04
1.472274539466155693e+05
3.138769149834807031e+05
3.272592785170742718e+04
