2.821068999999999960e+03
1.385097400000000016e+04
1.448214399999999841e+04
1.197702400000000125e+04
9.363497999999999593e+03
1.421235399999999936e+04
1.381284699999999975e+04
1.209188600000000042e+04
1.057513299999999981e+04
5.503234000000000378e+03
1.414357999999999947e+03
3.104931000000000040e+03
5.234845999999999549e+03
1.537769100000000071e+04
9.159920000000000073e+03
3.993230000000000018e+03
4.339868000000000393e+03
5.534250000000000000e+03
1.072983699999999953e+04
9.894689000000000306e+03
1.596004299999999967e+04
3.199170000000000073e+03
3.110405999999999949e+03
1.254137300000000141e+04
1.289248700000000099e+04
1.069989099999999962e+04
8.361992999999998574e+03
4.337980000000000473e+03
7.890862999999999374e+03
1.056237299999999959e+04
