2.001095000000000073e+04
1.505896199999999953e+05
1.610803800000000047e+05
1.281670899999999965e+05
9.659808000000000175e+04
1.528662900000000081e+05
1.566145000000000000e+05
1.272214799999999959e+05
1.067450899999999965e+05
4.884193000000000029e+04
1.257915999999999985e+04
2.407056999999999971e+04
4.592929000000000087e+04
1.681818099999999977e+05
9.308339999999999418e+04
3.180620000000000073e+04
3.525437999999999738e+04
4.896733999999999651e+04
1.082888200000000070e+05
9.888416000000000349e+04
1.716698200000000070e+05
2.388454000000000087e+04
2.159836000000000058e+04
1.331494400000000023e+05
1.394837300000000105e+05
1.125895000000000000e+05
8.113633999999999651e+04
3.557898999999999796e+04
7.846860000000000582e+04
1.105103200000000070e+05
