1.942435033039372229e+03
1.295292172710827435e+04
1.371773915341865541e+04
1.128782369307274712e+04
8.565807854120084812e+03
1.311352161397426971e+04
1.338206416088384503e+04
1.121593699856513194e+04
9.472989401618202464e+03
4.548485097095045603e+03
1.178105272005402867e+03
2.274503708141802235e+03
4.243255265513337690e+03
1.424172398481110758e+04
8.293993712163608507e+03
3.014696021270317033e+03
3.292715747890777493e+03
4.566973855696460305e+03
9.627644164099279806e+03
8.777312469096714267e+03
1.448057707622481939e+04
2.262390352342337792e+03
2.063812302699369866e+03
1.164711489200544565e+04
1.212215151975809749e+04
1.000009239503968638e+04
7.276002966864866721e+03
3.318599990027662898e+03
7.057904989362645210e+03
9.815878895646736055e+03
