8.69E+04
8.62E+04
8.49E+04
8.45E+04
8.37E+04
8.28E+04
8.17E+04
8.04E+04
7.89E+04
7.73E+04
7.60E+04
7.59E+04
7.55E+04
7.51E+04
7.50E+04
7.46E+04
7.43E+04
7.40E+04
7.31E+04
7.14E+04
7.00E+04
6.86E+04
7.00E+04
6.78E+04
6.85E+04
6.57E+04
6.42E+04
6.51E+04
6.46E+04
6.09E+04
5.98E+04
5.92E+04
5.84E+04
5.76E+04
5.68E+04
5.47E+04
5.36E+04
5.35E+04
5.29E+04
5.22E+04
5.14E+04
5.07E+04
4.95E+04
4.90E+04
4.80E+04
4.71E+04
4.57E+04
4.49E+04
4.41E+04
4.35E+04
4.56E+04
4.20E+04
4.16E+04
4.04E+04
3.95E+04
3.85E+04
3.81E+04
3.79E+04
3.74E+04
3.68E+04
3.67E+04
3.63E+04
3.56E+04
3.46E+04
3.35E+04
3.24E+04
3.15E+04
3.07E+04
2.94E+04
2.79E+04
2.67E+04
2.53E+04
2.37E+04
2.29E+04
2.18E+04
2.04E+04
1.94E+04
1.86E+04
1.71E+04
1.55E+04
1.45E+04
1.34E+04
1.22E+04
1.00E+04
9.36E+03
8.36E+03
8.35E+03
7.56E+03
5.99E+03
4.29E+03
3.27E+03
2.25E+03
1.47E+03
8.59E+02
2.53E+01
1.03E+02
2.05E+02
1.03E+02
1.06E+02
2.02E+00



































































































































































































































































































































































































































































































































































































































































































































































































































































































































