1.400399999999999956e+01
2.027460000000000093e+02
3.007230000000000132e+02
3.813050000000000068e+02
6.330940000000000509e+02
2.393003999999999905e+03
2.961538000000000011e+03
3.676701000000000022e+03
7.048722000000000662e+03
1.429765599999999904e+04
2.807643200000000070e+04
4.895002399999999761e+04
9.736542600000000675e+04
1.728035450000000128e+05
2.777478659999999800e+05
3.952414180000000051e+05
5.077667420000000275e+05
5.820727459999999264e+05
6.060702539999999572e+05
6.217186849999999395e+05
6.300617980000000680e+05
6.317955639999998966e+05
