4122.182
6847.158
7966.717
9563.117
10181.927
11728.311
12398.765
13597.683
14936.748
15515.805
16192.924
18305.62
17917.927
19994.188
20032.351
20014.583
21435.462
22285.133
22693.531
22946.813
24032.382
25462.741
26314.933
26144.334
27156.497
28360.248
28736.823
30043.736
30639.154
30454.68
31325.914
32886.559
33817.836
33140.904
34522.79
35755.996
35662.637
36326.547
39217.171
39967.245
39123
39314.024
39224.789
40493.884
41035.015
40655.387
41408.181
42993.871
42307.651
42257.153
42927.717
44888.135
45267.414

















































































































































































































































































































































































































































































































































































































































































































































































































































































































































































