100133
200093
300090
400095
500086
600160
700088
800100
900088
1000087
1100204
1200088
1300216
1400087
1500108
1600089
1700092
1800088
1900091
2000087
2100220
2200210
2300087
2400087
2500107
2600094
2700095
2800124
2900115
3000090
3100089
3200092
3300091
3400087
3500090
3600128
3700092
3800121
3900089
4000088
4100097
4200095
4300086
4400090
4500110
4600094
4700090
4800086
4900098
5000086
5100087
5200086
5300086

















































































































































































































































































































































































































































































































































































































































































































































































































































































































































































