1.060388029178822180e+05
1.417014103995060723e+05
1.879215811454499490e+05
2.326469306583005236e+05
3.860139138776317704e+05
3.911707603982129367e+05
4.567943162669846206e+05
4.581075747531133238e+05
4.871401222763170372e+05
6.153586802196404897e+05
6.162724840110001387e+05
6.167269525382929714e+05
6.175054961677658139e+05
5.842310039153965190e+05
6.184456883627269417e+05
6.174894866107718553e+05
2.758693821816030541e+05
2.561024526919540367e+05
3.478224808180234395e+05
3.534222920644987607e+05
6.209067339552530320e+05
9.368509327580963145e+04
6.927402882465926814e+04
9.782039258065952163e+04
6.205029109111684375e+05
6.189614663250712911e+05
5.212358417751680827e+05
6.220177637638093438e+05
5.737993736850945279e+05
2.297790608278938162e+05
