1.712290000000000134e+02
2.395157000000000153e+03
2.533971000000000004e+03
2.867263999999999669e+03
3.212736000000000331e+03
5.200927999999999884e+03
1.467134999999999991e+03
2.894759999999999764e+03
7.508249999999999318e+02
4.604873000000000502e+03
2.973457000000000335e+03
2.407787000000000262e+03
3.748810999999999694e+03
3.335996000000000095e+03
5.143680000000000291e+03
4.258698000000000320e+03
7.662479999999999336e+02
5.829757000000000517e+03
1.177144000000000005e+03
1.620970000000000084e+02
4.880280000000000200e+02
2.243620000000000346e+03
5.587917000000000371e+03
2.648744000000000142e+03
3.529156999999999698e+03
5.525889999999999418e+02
1.975917000000000144e+03
2.682420000000000186e+02
3.806947000000000116e+03
5.725364999999999782e+03
