2.210800000000000182e+03
2.917756999999999971e+04
3.116554999999999927e+04
3.436004000000000087e+04
3.983426999999999680e+04
6.391529000000000087e+04
1.869429000000000087e+04
3.300494000000000233e+04
9.432780000000000655e+03
5.554383999999999651e+04
3.689705000000000291e+04
2.876586999999999898e+04
4.654350000000000000e+04
3.978659999999999854e+04
6.119145999999999913e+04
5.022605000000000291e+04
9.400479999999999563e+03
7.187489999999999418e+04
1.517386000000000058e+04
1.850539999999999964e+03
6.019119999999999891e+03
2.768316999999999825e+04
6.697061000000000058e+04
3.316505999999999767e+04
4.160883000000000175e+04
6.720560000000000400e+03
2.462977999999999884e+04
2.466210000000000036e+03
4.552001999999999680e+04
6.849544000000000233e+04
