2.490735546945248871e+02
2.577789024656432957e+03
2.741588610958384379e+03
3.010833961766516040e+03
3.471155322791099024e+03
5.477046663877250467e+03
1.694355378894709702e+03
2.895614520315787559e+03
9.011003913884766234e+02
4.772121615039694916e+03
3.219583968419742632e+03
2.539331908007970924e+03
4.026068829627492050e+03
3.461698566660163124e+03
5.238940247989501586e+03
4.330229931908237631e+03
9.000109897647387243e+02
6.132483084014509586e+03
1.395062140884097289e+03
2.107633872509904904e+02
5.991233431355877883e+02
2.448607763583810083e+03
5.724620464886874288e+03
2.907558647456562539e+03
3.612709845060951920e+03
6.624120980980039803e+02
2.201707429514128307e+03
2.702892793667897422e+02
3.938930851443609754e+03
5.848978387730206123e+03
