1.000000000000000021e-03
2.000000000000000042e-03
7.000000000000000146e-03
4.000000000000000083e-02
1.729999999999999871e-01
2.560000000000000053e-01
4.149999999999999800e-01
8.830000000000000071e-01
1.532999999999999918e+00
9.770999999999999019e+00
5.283999999999999808e+00
1.707600000000000051e+01
3.968399999999999750e+01
5.417199999999999704e+01
1.767290000000000134e+02
3.354209999999999923e+02
6.764600000000000364e+02
1.354253000000000156e+03
2.590605000000000018e+03
5.077570999999999913e+03
9.698861999999999171e+03
1.548474400000000060e+04
