9.328088300000000163e+04
1.083826579999999958e+05
1.135616299999999865e+04
4.072818299999999726e+04
7.647343600000000151e+04
4.432764999999999418e+03
3.370696520000000019e+05
1.043245169999999925e+05
1.041338899999999921e+04
1.036115520000000106e+05
4.738662000000000262e+04
2.263714759999999951e+05
3.993526799999999639e+04
8.007146499999999651e+04
1.155955050000000047e+05
1.182044859999999899e+05
2.262974999999999909e+03
3.205172699999999895e+04
5.442835599999999977e+04
1.217447319999999891e+05
4.742349099999999453e+04
4.589078100000000268e+04
1.101268269999999902e+05
9.528647599999999511e+04
7.989794000000000233e+04
5.623509399999999732e+04
6.769602899999999499e+04
1.168714480000000040e+05
3.107094870000000228e+05
6.866938000000000466e+04
