1.117684972054287791e+05
1.493944507994374726e+05
1.411267190107831266e+04
2.776793786822531547e+04
7.597127237879624590e+04
1.076119245389869866e+04
3.503145373363155522e+05
1.383105216774309811e+05
1.376456968735590635e+04
1.420095672420015326e+05
3.536382076994016825e+04
2.825546946659297682e+05
2.590954552998170402e+04
8.591233978760216269e+04
1.947982770338131522e+05
1.994881577509929484e+05
8.369152282660021228e+03
2.157711047604642954e+04
4.585947934179178992e+04
2.046308876248326560e+05
3.526294698645977041e+04
3.423995319889060193e+04
1.630217303728748520e+05
1.081300791190688033e+05
8.278147649324909435e+04
4.610665252366166533e+04
5.644122027072085621e+04
1.878347022777747188e+05
3.361634874721852830e+05
6.011712114349143667e+04
