1.000000000000000021e-03
6.088999999999999524e+00
7.725999999999999979e+00
9.982000000000001094e+00
5.580000000000000071e+00
3.859899999999999665e+01
2.491499999999999915e+01
4.039499999999999602e+01
2.523799999999999955e+01
1.498859999999999957e+02
1.549739999999999895e+02
3.619610000000000127e+02
3.095869999999999891e+02
1.404230000000000018e+03
2.185699999999999818e+03
3.826621999999999844e+03
1.045878399999999965e+04
1.817518500000000131e+04
3.813180500000000029e+04
7.824037099999999919e+04
3.379038989999999758e+05
4.676475019999999786e+05
