1.000000000000000021e-03
5.932000000000000384e+00
6.934000000000000163e+00
1.103600000000000136e+01
6.466999999999999638e+00
3.186700000000000088e+01
2.859999999999999787e+01
2.937800000000000011e+01
9.707500000000000284e+01
7.015500000000000114e+01
1.502330000000000041e+02
3.134979999999999905e+02
2.970000000000000000e+02
9.972050000000000409e+02
2.245644000000000233e+03
4.381231999999999971e+03
9.597311999999999898e+03
1.792227500000000146e+04
3.782640899999999965e+04
7.707438700000000244e+04
3.240037199999999721e+05
4.629721670000000158e+05
