1.000000000000000021e-03
2.000000000000000042e-03
7.000000000000000146e-03
4.000000000000000083e-02
1.789999999999999925e-01
2.560000000000000053e-01
4.029999999999999694e-01
8.920000000000000151e-01
1.505999999999999783e+00
1.132100000000000151e+01
7.833999999999999631e+00
9.099999999999999645e+00
5.594099999999999540e+01
1.061569999999999965e+02
1.665880000000000223e+02
3.339199999999999591e+02
6.573020000000000209e+02
1.321667000000000144e+03
2.654275000000000091e+03
4.942762999999999920e+03
9.702783999999999651e+03
1.669358500000000276e+04
