3.580000000000000071e+00
5.204350000000000364e+03
1.040129999999999927e+04
1.560398999999999978e+04
2.079900999999999840e+04
2.599593999999999869e+04
3.121568000000000029e+04
3.643345999999999913e+04
4.163236000000000058e+04
4.685580999999999767e+04
5.206420999999999913e+04
5.727061000000000058e+04
6.248847000000000116e+04
6.768161999999999534e+04
7.290136000000000058e+04
7.812107000000000698e+04
8.334083999999999651e+04
8.853019000000000233e+04
9.373472000000000116e+04
9.893539999999999418e+04
1.041722299999999959e+05
1.093578000000000029e+05
1.145623099999999977e+05
1.197915599999999977e+05
1.249751999999999971e+05
1.301322400000000052e+05
1.353500599999999977e+05
1.405299400000000023e+05
1.457440100000000093e+05
1.509655899999999965e+05
1.561872500000000000e+05
1.614165000000000000e+05
1.666171799999999930e+05
1.718350499999999884e+05
1.770433699999999953e+05
1.822289200000000128e+05
1.874391499999999942e+05
