1.816375717339854191e+03
1.279594750659410238e+04
1.368868031463471380e+04
1.088779144170139625e+04
8.224095465145226626e+03
1.298789376711706973e+04
1.330823793082164775e+04
1.080706989899560540e+04
9.073567197637004938e+03
4.233134204730718011e+03
1.179561760668422494e+03
2.161492487268588775e+03
3.990399341721162273e+03
1.429777183104887263e+04
7.928065589164782068e+03
2.809948305126442392e+03
3.099939404210277644e+03
4.243938520919944494e+03
9.204868885064130154e+03
8.415428968386666384e+03
1.459687286936265264e+04
2.146683787947290512e+03
1.951300278861923744e+03
1.130979099830229643e+04
1.184971494180496120e+04
9.568290303018697159e+03
6.926104626356511289e+03
3.127363911184324024e+03
6.703806881865431023e+03
9.392572963665970747e+03
