1.000000000000000000e+00
7.147700000000000000e+04
1.482790000000000000e+05
2.238470000000000000e+05
3.046140000000000000e+05
3.737000000000000000e+05
4.524930000000000000e+05
5.218150000000000000e+05
5.923270000000000000e+05
6.669980000000000000e+05
7.543630000000000000e+05
8.224800000000000000e+05
8.851300000000000000e+05
9.555410000000000000e+05
1.025611000000000000e+06
1.090678000000000000e+06
1.159211000000000000e+06
1.231693000000000000e+06
1.302561000000000000e+06
1.373129000000000000e+06
1.447681000000000000e+06
1.525693000000000000e+06
1.604111000000000000e+06
1.677725000000000000e+06
1.743490000000000000e+06
1.807777000000000000e+06
1.871151000000000000e+06
1.935508000000000000e+06
2.001480000000000000e+06
2.067239000000000000e+06
2.130654000000000000e+06
2.197020000000000000e+06
2.262892000000000000e+06
2.325117000000000000e+06
2.383975000000000000e+06
2.445303000000000000e+06
2.510548000000000000e+06
