1.000000000000000021e-03
4.961000000000000227e+02
9.540480000000000018e+02
1.359422000000000025e+03
1.835977999999999838e+03
2.264290999999999713e+03
2.719630999999999858e+03
3.312869000000000142e+03
3.678996999999999844e+03
4.161430999999999585e+03
4.561562000000000808e+03
5.050860000000000582e+03
5.484320000000000618e+03
5.797445999999999913e+03
6.289447000000000116e+03
6.668275000000000546e+03
7.136430000000000291e+03
7.548873000000000502e+03
7.945247999999999593e+03
8.585588999999999942e+03
8.730186999999999898e+03
9.219220999999999549e+03
9.649853999999999360e+03
1.024296800000000076e+04
1.072412899999999900e+04
1.096329500000000007e+04
1.128940799999999945e+04
1.171514800000000105e+04
1.227790300000000025e+04
1.254163999999999942e+04
1.295929900000000089e+04
1.335410899999999856e+04
1.386204399999999987e+04
1.423858600000000115e+04
1.450937600000000020e+04
1.535180999999999949e+04
1.549443699999999990e+04
