1.000000000000000021e-03
4.818550000000000182e+02
9.767259999999999991e+02
1.471048000000000002e+03
1.890821000000000140e+03
2.335007999999999811e+03
2.779713999999999942e+03
3.189548999999999978e+03
3.757649999999999636e+03
4.191810999999999694e+03
4.602596999999999753e+03
4.893097999999999956e+03
5.535092999999999847e+03
5.968774000000000342e+03
6.154619000000000597e+03
6.610822999999999411e+03
7.235958999999999833e+03
7.467118999999999687e+03
8.006135999999999513e+03
8.362284999999999854e+03
8.816941999999999098e+03
9.397077999999999520e+03
9.762756999999999607e+03
9.990368999999998778e+03
1.045674300000000039e+04
1.093245800000000054e+04
1.141931600000000071e+04
1.183156899999999951e+04
1.226928499999999985e+04
1.250677800000000025e+04
1.305665899999999965e+04
1.282661200000000099e+04
1.383996800000000076e+04
1.437201299999999901e+04
1.469971500000000015e+04
1.530133999999999833e+04
1.552067699999999968e+04
