1.276568386830527743e+05
1.751324353778376826e+05
2.226127796797681367e+05
2.700867147120521404e+05
3.175634983086234424e+05
3.650557116284177173e+05
4.125187271642669220e+05
4.599902883929781383e+05
5.074689710324076586e+05
5.549419565432625823e+05
6.024170784773328342e+05
5.923672737780028256e+05
5.927019977162674768e+05
5.930367484324470861e+05
5.933714388983178651e+05
5.937061812463990645e+05
5.940408750595093006e+05
5.943755923032951541e+05
5.947103346513763536e+05
5.950450669577394146e+05
5.953798143266796833e+05
5.957145416121836752e+05
5.960492538351104595e+05
5.963839459746009670e+05
5.967186899963018950e+05
5.970533988719892222e+05
5.973881295047326712e+05
5.977228651583350729e+05
5.977229103460666956e+05
5.993965317110094475e+05
6.010701229507977841e+05
6.027437292531633284e+05
6.044173489444863517e+05
6.060909753302882891e+05
6.077645866535127861e+05
6.094382649215251440e+05
6.111118829392284388e+05
6.127854607900592964e+05
6.144591039120579371e+05
6.161327185825220076e+05
6.178063081486906158e+05
6.194799998056603363e+05
6.211535475313367788e+05
6.228271705698991427e+05
6.245007835667434847e+05
6.261745020016282797e+05
6.278480430328259245e+05
6.295216660713882884e+05
6.311952640056554228e+05
6.328688870442179032e+05
6.345425435551741393e+05
6.362161247532443376e+05
6.378897561599052278e+05
6.395633842193266610e+05
6.412370390566632850e+05
6.429106018449168187e+05
6.445842215362399584e+05
6.462578713527173968e+05
6.479315010857586749e+05
