6600
13933
22352
27492
38373
47271
53370
59054
65903
71477
76546
84158
93573
102524
111235
119400
127582
133872
141369
148279
154381
163161
171199
177503
186002
193183
200225
207023
216751
223847
229915
239694
250402
257647
269260
277347
287576
295323
299451
304614
309373
318267
325552
333742
340204
345973
354823
362710
369920
373700
380864
388198
396467
400677
406280
417942
429816
438132
443934
452493
460492
467123
472621
479031
485617
492822
499303
505827
512741
521815
529075
535464
544657
549706
554752
562466
571462
577561
584925
592327
599655
606223
612486
619975
628577
633959
640041
648746
657656
666998
677861
685046
693352
701573
709977
717612
726059
737729
746736
754363
761975
766294
769578
777085
784707
791459
800293
810938
816262
822480
828615
836115
840993
848267
853810
861932
869353
875949
882991
885130
890690
896551
902744
909330
917036
924550
931002
941818
948673
955541
961053
969977
977380
984854
990887
999273
1007856
1014163
1019059
1025611
1031926
1040056
1044496
1050733
1056852
1062660
1069749
1077257
1082973
1090678
1096677
1102206
1110203
1119112
1124881
1131850
1137419
1144033
1150434
1159211
1166602
1173140
1179212
1185620
1191996
1198248
1205386
1213992
1220834
1231693
1238357
1246611
1256197
1264715
1274172
1278744
1284791
1289103
1294658
1302561
1308879
1313991
1321902
1327086
1334238
1340333
1348463
1356991
1365151
1373129
1380184
1391948
1398825
1405876
1413846
1419399
1425708
1432954
1440365
1447681
1452936
1457123
1467011
1474254
1486244
1493759
1502681
1511248
1518922
1525693
1534041
1540138
1545926
1553856
1560058
1569131
1580359
1587391
1593447
1604111
1612371
1621289
1632372
1637858
1642629
1650075
1657951
1664927
1671293
1677725
1684292
1691006
1697956
1705231
1711544
1718090
1724461
1731535
1737195
1743490
1749638
1756350
1762829
1769127
1776053
1782292
1788759
1794956
1801493
1807777
1813106
1819515
1825751
1832149
1838649
1844734
1851172
1857792
1864387
1871151
1877818
1883966
1890820
1897396
1903724
1910073
1916662
1923121
1929359
1935507
1941692
1948223
1954920
1961683
1968061
1974489
1981821
1988712
1994902
2001480
2007704
2014667
2020746
2027421
2034134
2041054
2047772
2054101
2060679
2067239
2073705
2080022
2086145
2092509
2098888
2105162
2111516
2117746
2124162
2130654
2136625
2143202
2150448
2156442
2162725
2169371
2176358
2183136
2190295
2197020
2203955
2210530
2217371
2223954
2230622
2236992
2243515
2249601
2256097
2262892
2269311
2275879
2282166
2288566
2294746
2300900
2307161
2312861
2318972
2325117
2331424
2338326
2342636
2348213
2354179
2360357
2366244
2372470
2378370
2383975
2389616
2395808
2401776
2407774
2413672
2419987
2426217
2432303
2438706
2445303
2451949
2458343
2465089
2471912
2478667
2485716
2491792
2498490
2504983
2510548
2517163
2523082
