5.400049000000000000e+06
6.400050000000000000e+06
7.400033000000000000e+06
8.400025000000000000e+06
9.400025000000000000e+06
1.040002900000000000e+07
1.140002400000000000e+07
1.240005900000000000e+07
1.340005800000000000e+07
1.440003300000000000e+07
1.540004700000000000e+07
1.640004400000000000e+07
1.740002600000000000e+07
1.840006900000000000e+07
1.940002600000000000e+07
2.040002800000000000e+07
2.140002400000000000e+07
2.240008300000000000e+07
2.340003600000000000e+07
2.440003800000000000e+07
2.540002500000000000e+07
2.640002700000000000e+07
2.740004900000000000e+07
2.840002600000000000e+07
2.940003300000000000e+07
3.040003800000000000e+07
3.140005900000000000e+07
3.240002500000000000e+07
3.340002500000000000e+07
3.440004300000000000e+07
3.540004900000000000e+07
