4.785040800000000163e+05
4.835085200000000186e+05
4.885093300000000163e+05
4.935320399999999790e+05
4.985821900000000023e+05
5.035884699999999721e+05
5.085947800000000279e+05
5.136375900000000256e+05
5.186566599999999744e+05
5.236684299999999930e+05
5.286875000000000000e+05
5.337157299999999814e+05
5.387274699999999721e+05
5.437355799999999581e+05
5.487564899999999907e+05
5.537609499999999534e+05
5.587617500000000000e+05
5.637826300000000047e+05
5.687999000000000233e+05
5.737970500000000466e+05
5.787667399999999907e+05
5.837766800000000512e+05
5.887775000000000000e+05
5.937728199999999488e+05
5.987735999999999767e+05
6.038073000000000466e+05
6.088519599999999627e+05
6.138527299999999814e+05
6.188498900000000140e+05
6.238708100000000559e+05
6.288624300000000512e+05
