5.905529362995163538e+05
5.923806954921170836e+05
6.000149905957644805e+05
5.908688023949486669e+05
6.156991262439297279e+05
5.936291100635770708e+05
5.961883072820807574e+05
5.912109223773637787e+05
6.051710577520459192e+05
2.584113682900348504e+05
2.881374224931817735e+05
3.526289775397802005e+05
1.941334119511840690e+05
1.787902252799091220e+05
8.371738865398154303e+04
1.230075963589870662e+05
-2.701046444452822470e+03
2.144647279351337056e+04
1.314513648140369623e+05
9.844888779388465628e+04
