4.006780000000000000e+05
4.790310000000000000e+05
5.497060000000000000e+05
6.199770000000000000e+05
7.015730000000000000e+05
7.770860000000000000e+05
8.482710000000000000e+05
9.093310000000000000e+05
9.848550000000000000e+05
1.050734000000000000e+06
1.119113000000000000e+06
1.185620000000000000e+06
1.264715000000000000e+06
1.327087000000000000e+06
1.405878000000000000e+06
1.474256000000000000e+06
1.553868000000000000e+06
1.637858000000000000e+06
1.705231000000000000e+06
1.769127000000000000e+06
1.832150000000000000e+06
1.897399000000000000e+06
1.961683000000000000e+06
2.027424000000000000e+06
2.092510000000000000e+06
2.156443000000000000e+06
2.223954000000000000e+06
2.288566000000000000e+06
2.348215000000000000e+06
2.407774000000000000e+06
2.471912000000000000e+06
