6.049519669999999460e+05
6.100870639999998966e+05
6.162909959999999264e+05
6.170946790000000037e+05
6.188347540000000736e+05
6.198394080000000540e+05
6.211963249999999534e+05
6.219418140000000130e+05
6.231264390000000130e+05
6.237829639999999199e+05
6.246763670000000857e+05
6.256676749999999302e+05
6.257051319999999832e+05
6.262788850000000093e+05
6.270801019999999553e+05
6.276204720000000671e+05
6.285536759999999776e+05
6.290110979999999981e+05
6.294277079999999842e+05
6.305131039999999339e+05
6.307448910000000615e+05
6.313664369999999180e+05
6.322069299999999348e+05
6.329125389999999898e+05
6.329388699999999953e+05
6.336506239999999525e+05
6.340597520000000950e+05
6.351664870000000810e+05
6.356463729999999050e+05
6.359967310000000289e+05
6.371324990000000689e+05
