1.927399999999999736e+01
3.143400000000000105e+01
1.740469999999999970e+02
2.847630000000000337e+02
3.465649999999999977e+02
7.474820000000000846e+02
1.376786000000000058e+03
3.137717999999999847e+03
4.295385000000000218e+03
8.267238999999999578e+03
1.758834699999999793e+04
3.233455099999999948e+04
6.877508299999999872e+04
1.361488420000000042e+05
2.328575660000000207e+05
3.582919349999999977e+05
4.739918140000000130e+05
5.723930559999999823e+05
6.059129780000000028e+05
6.206367339999999385e+05
6.279953310000000056e+05
6.368800459999999730e+05
