2.000000000000000000e+00
4.000000000000000000e+00
8.000000000000000000e+00
1.600000000000000000e+01
3.200000000000000000e+01
6.400000000000000000e+01
1.280000000000000000e+02
2.560000000000000000e+02
5.120000000000000000e+02
1.024000000000000000e+03
2.048000000000000000e+03
4.096000000000000000e+03
8.192000000000000000e+03
1.638400000000000000e+04
3.276800000000000000e+04
6.553600000000000000e+04
1.310720000000000000e+05
2.621440000000000000e+05
5.242880000000000000e+05
1.048576000000000000e+06
2.097152000000000000e+06
2.331602000000000000e+06
