1.000000000000000021e-03
8.000000000000000167e-03
4.800000000000000100e-02
2.179999999999999993e-01
2.259999999999999787e-01
4.229999999999999871e-01
5.080000000000000071e-01
8.269999999999999574e-01
1.109099999999999930e+01
1.349900000000000055e+01
2.212899999999999778e+01
1.835899999999999821e+01
3.416799999999999926e+01
1.857659999999999911e+02
2.875310000000000059e+02
4.985910000000000082e+02
8.160980000000000700e+02
1.675841999999999871e+03
3.452010999999999967e+03
6.793619000000000597e+03
1.324042699999999968e+04
1.443637299999999959e+04
