1.000000000000000021e-03
7.000000000000000146e-03
1.590000000000000024e-01
2.139999999999999958e-01
4.079999999999999738e-01
4.069999999999999729e-01
5.150000000000000133e-01
8.299999999999999600e-01
8.550000000000000711e+00
2.268400000000000105e+01
1.197499999999999964e+01
5.424299999999999500e+01
7.664000000000000057e+01
1.044270000000000067e+02
2.184989999999999952e+02
5.367110000000000127e+02
8.164160000000000537e+02
1.608386999999999944e+03
3.422083999999999833e+03
6.729360999999999876e+03
1.318149099999999999e+04
1.453679399999999987e+04
