9.999999999999991535e-04
2.000000000000000042e-03
9.586999999999999744e+00
1.209999999999999964e-01
1.352999999999999936e+01
1.219800000000000040e+01
2.721199999999999974e+01
5.462999999999999545e+01
3.618999999999999773e+01
2.540800000000000125e+01
8.262399999999999523e+01
1.377189999999999941e+02
4.058230000000000359e+02
4.335560000000000400e+02
1.704599999999999909e+03
3.584354999999999563e+03
7.245187999999999192e+03
1.491404800000000068e+04
2.827483500000000276e+04
5.996665000000000146e+04
1.218869530000000086e+05
5.784964909999999218e+05
