1.000000000000000021e-03
1.000000000000000021e-03
1.028899999999999970e+01
1.189999999999999947e-01
1.497200000000000131e+01
1.262100000000000044e+01
2.974200000000000088e+01
2.657000000000000028e+01
2.547400000000000020e+01
9.451999999999999957e+00
6.407999999999999829e+01
3.051430000000000291e+02
9.036539999999999964e+02
9.769809999999999945e+02
1.773292000000000144e+03
3.701768000000000029e+03
6.800740999999999985e+03
1.438960900000000038e+04
2.683785199999999895e+04
5.851921800000000076e+04
1.216171769999999960e+05
5.768752710000000661e+05
