-1.924735681697507061e+03
3.499051876070706385e+03
8.921982542242336422e+03
1.434546639159657207e+04
1.976887431384731099e+04
2.519212495852652501e+04
3.061548407049644811e+04
3.603884318246637122e+04
4.146224568135257869e+04
4.688564275687424379e+04
5.230901271557324071e+04
5.773239352100130054e+04
6.315575263297122001e+04
6.857901412437950785e+04
7.400241119990118023e+04
7.942587335579727369e+04
8.484928127804801625e+04
9.027260784983071790e+04
9.569584222441632301e+04
1.011191959130217147e+05
1.065425604483561765e+05
1.119659575238778489e+05
1.173894793367838283e+05
1.228126377842659422e+05
1.399822351953675970e+05
1.757607003071989166e+05
2.115363032591697993e+05
2.473145537090115249e+05
2.830902282149789389e+05
3.188672980238782475e+05
3.546444393867740873e+05
3.904221889586402103e+05
4.261981854575918987e+05
4.619751837124947924e+05
4.977521819673976861e+05
5.335292875532952603e+05
5.693062142542016227e+05
