8.943778999999999360e+04
1.022696399999999994e+05
1.260960000000000036e+04
4.098863999999999942e+04
7.367605000000000291e+04
4.355590000000000146e+03
1.527922200000000012e+05
9.895247999999999593e+04
1.125189999999999964e+04
9.985817999999999302e+04
4.800647000000000116e+04
1.373418699999999953e+05
3.881069999999999709e+04
7.893936000000000058e+04
1.144559400000000023e+05
1.156293600000000006e+05
2.291630000000000109e+03
3.227899000000000160e+04
5.568329000000000087e+04
1.168483800000000047e+05
4.795523999999999796e+04
4.720336000000000058e+04
1.064887400000000052e+05
8.830986000000000058e+04
7.729132000000000698e+04
5.586173000000000320e+04
6.318906999999999971e+04
1.128894400000000023e+05
1.496421000000000058e+05
6.549226000000000204e+04
