-0.0512164993799598
0.122567154359607
-0.0281680970040483
-0.239546912195582
0.026521362745621
0.0398350364007008
0.0465857763330189
-0.0368526939742133
-0.049358685412925
0.0682214317628042
0.0581051081703131
-0.165504128836486
0.1179798318585
-0.100284843148225
0.0753133755096756
-0.080324101391395
-0.0449231386927008
-0.0698989777336061
0.0525236448064312
0.123132895983033
0.00717416958061082
0.0809813469054895
0.0872439821053118
0.0594108352935069
0.0487940271120643
-0.010450817829711
0.155044122059306
0.0895071245380527
0.146537003234853
0.00909506222972377
0.0803035043605646
-0.0633949892046596
0.157430125495628
-0.204854216629193
-0.0493673698787669
0.07031210919858
-0.0437059155571557
-0.0310307007000551
0.0381600530579974
-0.115895825572055
0.0475770968002894
-0.0738253732855754
-0.0549429947215756
-0.0488604207202246
-0.18272559091516
0.041765225274624
-0.053455122804297
0.00982090966346733
-0.00122826853327911
0.0258145573285469
0.127209399140864
0.0584177233363369
-0.105929840713959
-0.14221386172053
-0.0395973473805745
-0.0168945000374025
-0.00830687469995458
-0.119282345535697
-0.029290393110414
0.0131003057001995
0.0526688174909915
-0.0666920162679111
0.0260195076789243
-0.14023598734192
0.0737646320461014
-0.021391594683411
-0.029054483476525
0.0552621125477374
0.0859425964734196
-0.161195134045377
-0.0156280170269309
0.0725655716106491
-0.00493851424529844
-0.0103924397904042
0.00492184985405568
0.0188413691414474
0.000637843249385505
-0.00929735968294247
0.0189918728097224
0.0342966105176685
-0.0109739037133265
0.00701166639813906
-0.00823264599137008
0.0286734187690934
-0.0283270616855349
-0.0236857019721855
-0.0460188483186759
0.00551230552303312
-0.0177895484040369
-0.0217613791727084
-0.0207282428821443
0.00722208119848666
0.00843473236137959
-0.00323846315125064
0.0235539175549934
0.02074811412929
0.00984372427308844
-0.00838163297501343
0.00432344460207419
0.00453460990528548
-0.0264124210718726
-0.0327031878578535
