0.000000000000000000e+00
3.090700000000000003e+01
1.936499999999999844e+01
2.186499999999999844e+01
7.373900000000000432e+01
1.244080000000000155e+02
1.199540000000000077e+02
1.037599999999999945e+01
2.455589999999999975e+02
1.343900000000000148e+02
3.433100000000000307e+01
1.680500000000000114e+02
1.595780000000000030e+02
1.771920000000000073e+02
1.952899999999999920e+02
6.593200000000000216e+01
1.275359999999999872e+02
1.850420000000000016e+02
1.726810000000000116e+02
2.969139999999999873e+02
1.854850000000000136e+02
1.886510000000000105e+02
3.561059999999999945e+02
3.714669999999999845e+02
2.123010000000000161e+02
1.674220000000000255e+02
7.447700000000000387e+01
1.989329999999999927e+02
2.296469999999999914e+02
1.761910000000000025e+02
1.314610000000000127e+02
3.657069999999999936e+02
1.781349999999999909e+02
2.665439999999999827e+02
1.348460000000000036e+02
2.614890000000000327e+02
2.152469999999999857e+02
2.750810000000000173e+02
3.954800000000000182e+01
2.066259999999999764e+02
1.714219999999999970e+02
3.036650000000000205e+02
1.872749999999999773e+02
1.520000000000000000e+02
2.388220000000000027e+02
4.651030000000000086e+02
1.396970000000000027e+02
1.424519999999999982e+02
2.770000000000000000e+02
2.702710000000000150e+02
1.407150000000000034e+02
2.443789999999999907e+02
1.545060000000000002e+02
1.063739999999999952e+02
2.456819999999999879e+02
2.396040000000000134e+02
4.469420000000000073e+02
3.043840000000000146e+02
1.930809999999999889e+02
2.920720000000000027e+02
3.329119999999999777e+02
1.498820000000000050e+02
2.805720000000000027e+02
1.366610000000000014e+02
1.396479999999999961e+02
2.438799999999999670e+02
2.443240000000000123e+02
2.507610000000000241e+02
2.818420000000000414e+02
2.194669999999999845e+02
2.362580000000000098e+02
1.950850000000000080e+02
2.665470000000000255e+02
2.232350000000000136e+02
3.042290000000000418e+02
1.849320000000000164e+02
2.658770000000000095e+02
3.394780000000000086e+02
6.294359999999999218e+02
2.735250000000000341e+02
4.874120000000000346e+02
3.104150000000000205e+02
2.482950000000000159e+02
2.534239999999999782e+02
2.762930000000000064e+02
1.289560000000000173e+02
3.057730000000000246e+02
1.358700000000000045e+02
3.960319999999999823e+02
2.697919999999999732e+02
1.888659999999999854e+02
4.569819999999999709e+02
2.893840000000000146e+02
1.441509999999999820e+02
3.132040000000000077e+02
2.327160000000000082e+02
2.797309999999999945e+02
2.670290000000000532e+02
2.902789999999999964e+02
2.548749999999999716e+02
2.624279999999999973e+02
2.739879999999999995e+02
2.014279999999999973e+02
2.929519999999999982e+02
1.777409999999999854e+02
2.065680000000000121e+02
1.835399999999999920e+02
3.242139999999999986e+02
3.649529999999999745e+02
1.937250000000000227e+02
1.993719999999999857e+02
3.117820000000000391e+02
2.513250000000000171e+02
2.164079999999999870e+02
4.178039999999999736e+02
1.946620000000000061e+02
2.620550000000000068e+02
2.114619999999999891e+02
2.998509999999999991e+02
2.774529999999999745e+02
1.577030000000000030e+02
2.576009999999999991e+02
2.214139999999999873e+02
2.528409999999999798e+02
2.780709999999999695e+02
