1.401299999999999990e+01
2.236560000000000059e+02
3.048400000000000318e+02
4.269820000000000277e+02
6.102090000000000600e+02
2.427221000000000004e+03
2.933139999999999873e+03
3.756693999999999960e+03
7.213869000000000597e+03
1.440792599999999948e+04
2.797104700000000230e+04
4.891234599999999773e+04
9.772413799999999173e+04
1.725608029999999853e+05
2.744187299999999814e+05
3.958712820000000065e+05
5.081024010000000126e+05
5.876151419999999925e+05
6.145829489999999059e+05
6.241991999999999534e+05
6.294489379999999655e+05
6.368268109999999870e+05
